power:
  c: 2.1784678105e+01
  p: 1.4312563604e-01
  x0: 24.63206
  z0: 668.33123779
  r2: 0.583705

power_local:
  c: 6.5030663614e+01
  p: -8.1257147572e-03
  x0: 24.63206
  z0: 668.33123779
  r2: 0.948891

power_global:
  c: 1.0543274381e+02
  p: -7.7655451222e-02
  x0: 24.63206
  z0: 668.33123779
  r2: 0.855271

log:
  c: 2.0785632989e+02
  p: 6.0921199008e-01
  x0: 24.63206
  z0: 668.33123779
  r2: 0.974298

#log_local:
#  c: 1.7369029258e+02
#  p: 6.6198835493e-01
#  x0: 24.63206
#  z0: 668.33123779
#  r2: 0.973873

log_global:
  c: 2.1285507056e+02
  p: 6.0171979452e-01
  x0: 24.63206
  z0: 668.33123779
  r2: 0.973805

peckham:
  gamma: -7.6991826046e-01
  r: 5.2248736972e-03
  s0: 6.7005230518e-01
  x0: 24.63206
  z0: 668.33123779
